295.629469 	 251.347621
295.967195 	 251.584451
295.911191 	 251.494541
296.242271 	 251.355071
295.772683 	 251.088426
298.103821 	 253.986192
298.451176 	 254.338369
297.507794 	 253.953450
297.277106 	 253.530289
297.952460 	 254.040351
299.819420 	 255.726419
299.521807 	 256.509677
297.596181 	 257.194900
299.795308 	 258.472789
300.417846 	 257.050320
299.270735 	 265.072536
299.849406 	 259.795799
301.295032 	 259.274533
299.684626 	 258.637140
300.343695 	 259.203162
302.627623 	 264.711821
300.620257 	 263.674772
300.888083 	 264.675870
300.735662 	 264.861384
300.386560 	 265.432505
302.682055 	 263.638134
303.470112 	 270.261621
305.845458 	 268.677476
306.318582 	 269.700032
307.703972 	 268.758072
305.232613 	 273.327551
305.436297 	 274.361250
306.763278 	 269.613936
300.600301 	 275.677546
306.503463 	 269.979033
304.548277 	 281.993137
301.213717 	 277.412882
300.525383 	 276.943342
305.623684 	 275.872861
307.537087 	 276.011213
309.230838 	 284.608712
304.236279 	 281.753637
305.896388 	 284.166745
309.427758 	 283.575905
305.272072 	 277.836475
300.499522 	 289.708598
313.021105 	 286.544344
305.138963 	 289.083425
298.991072 	 284.520715
297.779047 	 287.142380
305.463780 	 291.736141
303.537636 	 282.491261
309.532713 	 287.594057
306.098341 	 294.360637
307.757319 	 286.865689
303.778846 	 294.378421
309.555348 	 301.316138
300.076047 	 290.685075
305.581354 	 295.368952
305.907077 	 290.532902
297.559643 	 300.176060
310.493928 	 303.750810
303.691875 	 298.649644
298.654184 	 305.091623
308.579885 	 299.741294
305.346155 	 307.409114
308.273399 	 314.830983
293.703939 	 304.264131
302.806520 	 299.009079
301.669477 	 310.337422
297.414634 	 299.196945
295.890663 	 313.104379
297.388804 	 316.947842
298.577973 	 312.777625
298.354022 	 315.108402
289.807303 	 327.272619
298.649163 	 316.198601
291.138401 	 317.046787
299.572493 	 309.556497
303.721318 	 329.577630
305.658287 	 322.372282
301.466351 	 324.208159
300.557497 	 309.116390
291.768388 	 320.906334
301.971944 	 325.206289
294.372269 	 313.434245
285.077424 	 338.010065
296.055658 	 328.727408
292.719859 	 349.012329
290.280784 	 327.608368
295.926021 	 344.308554
290.969487 	 341.658680
299.328611 	 336.424795
282.183506 	 340.447581
292.711331 	 345.999295
281.733799 	 340.359462
284.360234 	 325.994676
280.090017 	 325.076511
301.535293 	 342.279256
293.000768 	 341.999455
293.360615 	 358.758426
280.819510 	 338.373867
293.242210 	 364.773339
282.346853 	 340.055549
286.892652 	 338.554713
272.762802 	 358.011996
277.577955 	 356.723717
275.136910 	 357.229146
282.428486 	 356.645506
289.593550 	 359.704205
260.343683 	 374.454753
263.032092 	 342.083004
282.872614 	 350.951086
257.145705 	 357.605620
290.831507 	 366.074932
274.976864 	 353.650246
260.849439 	 372.404325
280.938795 	 374.204689
273.686485 	 354.102587
266.700979 	 375.318730
275.941790 	 373.255350
263.182230 	 372.735795
257.473869 	 377.779619
264.374320 	 374.015350
260.705043 	 372.528840
248.870289 	 391.263022
252.348314 	 382.028332
235.267237 	 384.975518
251.454971 	 381.150209
250.847012 	 381.784883
241.962593 	 375.408564
237.363604 	 364.012679
252.128989 	 391.731118
249.289992 	 372.970838
235.419766 	 369.567904
259.016624 	 385.956397
227.474726 	 372.503688
231.174624 	 382.449725
261.777329 	 385.324611
225.644903 	 376.834592
219.288396 	 404.864894
253.681290 	 407.170544
226.651886 	 403.340204
230.076160 	 387.961932
218.172510 	 386.621757
211.899290 	 390.914353
213.596691 	 389.692748
202.429676 	 399.940924
206.012336 	 397.643298
213.759875 	 383.660205
188.384888 	 393.706752
222.196280 	 417.909670
217.609114 	 381.906322
208.375192 	 410.871181
217.174424 	 389.822754
203.192490 	 412.082986
195.451364 	 391.274902
190.134905 	 407.215120
206.521711 	 394.564893
181.200568 	 402.062330
185.438221 	 404.491059
207.406483 	 407.368827
178.091997 	 431.298994
180.159523 	 397.012664
196.081695 	 385.621247
178.803514 	 405.016179
204.563623 	 422.318281
182.225854 	 390.979369
183.899529 	 400.767675
169.871376 	 380.628746
132.759902 	 411.831537
170.584203 	 401.825278
173.131307 	 411.412801
145.235454 	 390.088859
180.616418 	 413.364380
146.717229 	 392.961012
154.908142 	 411.299644
124.934454 	 421.203265
152.102194 	 412.561261
132.477351 	 431.203260
149.744286 	 395.733700
134.559803 	 398.797715
143.617025 	 419.578242
142.920386 	 414.701417
145.362558 	 392.017526
134.005196 	 393.842387
132.542900 	 390.503431
139.811111 	 413.221350
135.199612 	 396.793035
135.083371 	 395.630333
102.840208 	 400.953453
116.459165 	 424.830048
104.980273 	 401.940751
113.334591 	 394.761592
130.992956 	 421.361928
204.297935 	 248.603265
203.792618 	 248.523094
204.194586 	 248.568465
204.171639 	 248.561079
204.149815 	 248.658707
202.640231 	 244.781187
203.194344 	 245.662102
202.634615 	 246.896669
202.410528 	 246.468956
202.207232 	 246.396831
201.279240 	 242.655046
200.529681 	 243.200201
199.877023 	 241.731444
201.794469 	 243.304467
201.381524 	 242.257097
199.372689 	 237.242333
197.530829 	 239.870569
197.855384 	 239.481674
197.176282 	 238.665249
198.043549 	 240.069133
198.071151 	 236.202838
195.991370 	 233.573651
195.790197 	 237.640111
199.139590 	 236.050730
196.634235 	 233.776322
199.104135 	 233.007169
194.507849 	 235.541173
193.042328 	 232.630375
198.407997 	 232.251790
194.800701 	 232.471598
195.434540 	 228.422603
195.166244 	 229.233164
194.681400 	 224.519322
198.350322 	 230.436949
198.167096 	 223.731537
196.587041 	 220.409621
197.940864 	 226.503053
198.304346 	 229.118964
190.981239 	 224.826692
199.995774 	 223.761279
194.866521 	 216.840177
198.544978 	 220.127987
198.893811 	 215.714131
191.948978 	 219.367292
195.432450 	 215.998154
195.948454 	 213.521981
199.377111 	 214.789354
195.544403 	 211.178306
188.179012 	 205.745492
202.179092 	 216.841837
200.835557 	 209.122134
188.035869 	 204.959002
189.631487 	 199.640122
197.474272 	 205.742436
195.843080 	 210.347896
191.879615 	 210.550525
196.383592 	 197.670108
194.549317 	 206.077334
192.641797 	 206.253382
200.807739 	 206.753719
201.151310 	 209.120450
203.948940 	 201.270688
203.786607 	 191.832910
195.830175 	 202.667406
197.335749 	 198.155059
185.291343 	 194.352354
189.918684 	 190.815912
201.156136 	 189.565064
201.220315 	 190.006681
207.178363 	 199.813587
191.613464 	 192.949181
211.240249 	 173.288860
195.250483 	 181.225600
200.036030 	 193.751292
199.209171 	 188.695149
201.941143 	 176.426453
193.609456 	 187.836825
196.534874 	 192.373523
206.174617 	 177.075343
202.180456 	 187.524380
203.395039 	 173.402580
208.976257 	 197.803958
202.578714 	 180.729996
212.784554 	 174.272434
196.501426 	 178.321339
189.587710 	 165.517930
198.452961 	 178.591867
201.194986 	 165.146691
201.194774 	 167.574941
213.384600 	 168.948705
200.684089 	 170.941023
210.883530 	 171.264335
203.490283 	 155.477506
209.948307 	 165.180721
207.536893 	 162.089877
214.321803 	 160.407901
210.132718 	 156.878193
192.605406 	 169.258549
217.494820 	 159.214037
229.594151 	 169.185721
211.316479 	 140.714721
206.851566 	 144.295722
220.000192 	 154.440229
227.737185 	 143.990225
218.155817 	 155.425908
216.855313 	 137.087877
229.268196 	 165.328846
227.973300 	 153.641588
209.975270 	 153.110128
233.272315 	 155.403062
226.932123 	 139.447291
230.848695 	 132.901697
213.058458 	 126.805498
222.930477 	 134.443141
236.412527 	 140.523449
239.196852 	 115.357937
225.486197 	 127.335158
238.910116 	 140.955053
258.531935 	 154.972040
245.223559 	 132.448741
211.153081 	 136.506233
237.095224 	 127.932943
254.341073 	 100.809226
232.816947 	 110.410888
225.268695 	 134.713591
254.928554 	 122.277482
236.197816 	 142.141472
249.469925 	 134.809746
256.033571 	 138.995959
270.955625 	 132.992107
259.791864 	 124.046245
258.612881 	 119.921480
252.378430 	 122.727897
228.165405 	 132.956057
259.707211 	 123.457579
269.524263 	 109.214755
249.846595 	 121.849237
273.173461 	 121.551950
257.207036 	 98.432797
270.633025 	 121.698260
284.845377 	 116.661278
264.959064 	 116.087356
271.934625 	 94.412257
264.810878 	 103.460582
263.467148 	 107.540988
267.729041 	 109.291985
282.656020 	 101.417569
273.886472 	 128.376674
295.347931 	 93.643404
285.906620 	 100.767678
284.204193 	 93.467662
270.715046 	 117.130508
265.283265 	 101.106774
291.587328 	 82.371259
299.134267 	 104.989540
297.261015 	 92.799433
295.817316 	 107.403181
275.824171 	 105.104488
281.500789 	 97.942835
313.581378 	 112.372783
299.298104 	 100.504531
294.263459 	 95.592185
327.405573 	 72.287727
333.537659 	 105.961855
293.624585 	 119.654994
331.537255 	 106.430240
326.897805 	 93.746038
338.426096 	 78.970499
299.947777 	 91.691342
322.214272 	 80.923785
338.510823 	 102.461360
348.702948 	 110.956362
333.093746 	 86.384681
333.436328 	 87.101875
334.202848 	 106.870867
347.256557 	 91.992146
328.293210 	 78.966859
376.320353 	 85.602097
316.610205 	 88.554445
331.142544 	 81.569820
368.868535 	 112.514074
379.501335 	 67.236046
387.840992 	 67.763671
387.332038 	 79.012460
358.520503 	 131.257474
385.793247 	 121.042749
380.481268 	 129.567971
380.114419 	 87.759194
344.418522 	 112.856870
383.941665 	 89.160281
417.370937 	 121.210689
375.914658 	 90.097163
370.996594 	 109.233220
386.949651 	 100.042984
384.221366 	 108.977370
248.708412 	 295.965454
248.924338 	 295.857416
248.206221 	 296.075579
248.753236 	 295.993343
248.766762 	 296.054965
246.475004 	 297.657371
245.329755 	 298.364843
245.480379 	 297.050506
246.279229 	 298.186218
245.447012 	 298.257768
242.921178 	 301.078583
242.617149 	 299.155983
242.682189 	 301.396715
242.127342 	 298.947154
242.930865 	 299.676461
237.720027 	 299.893675
236.990656 	 299.530497
239.035364 	 299.841756
236.176934 	 300.299238
237.606967 	 299.199586
235.715016 	 301.529763
235.486019 	 302.216097
235.982324 	 300.888312
237.624462 	 305.533722
233.337789 	 299.733430
231.463797 	 298.316251
230.619273 	 298.057182
229.817805 	 300.175030
232.457229 	 302.220144
232.630589 	 304.815569
230.277218 	 300.927887
230.909879 	 303.387517
231.235114 	 306.818461
226.678652 	 308.759067
230.850538 	 304.747968
222.343376 	 305.677589
228.549454 	 302.349448
220.847100 	 305.764046
224.947393 	 307.100475
225.324205 	 301.657771
226.534929 	 307.713177
220.536350 	 306.974428
221.084005 	 308.136697
221.216047 	 303.661363
216.423357 	 300.096658
210.776829 	 302.713545
220.540842 	 309.044321
217.085890 	 310.591264
217.859086 	 303.884701
210.228394 	 307.822519
216.422229 	 298.353277
205.406511 	 298.132911
206.137898 	 300.744682
216.708366 	 302.390156
205.617725 	 308.267343
209.928640 	 299.211229
201.302763 	 301.993062
202.814683 	 304.491976
203.748552 	 304.614923
205.619702 	 305.342760
199.535750 	 308.208020
196.739575 	 305.363413
199.866450 	 295.004882
200.980243 	 301.150056
200.269401 	 301.739917
199.827333 	 298.280215
188.646348 	 300.024817
191.772050 	 306.233259
192.670807 	 292.997729
200.515428 	 301.377986
188.670365 	 298.943503
190.881656 	 300.275188
184.322907 	 298.763665
202.583547 	 301.294517
186.097172 	 298.217678
185.640127 	 298.008174
186.761155 	 301.915943
181.923062 	 294.364180
188.329164 	 304.634197
181.154427 	 292.943278
188.650528 	 306.530432
184.335854 	 297.076778
186.075239 	 305.779789
178.933425 	 298.000369
173.711525 	 294.534074
162.108996 	 307.388462
176.876192 	 297.380551
159.434324 	 303.845603
170.386773 	 297.535577
179.178658 	 300.413141
176.637270 	 280.605500
147.506283 	 286.359762
167.439183 	 284.155798
162.393932 	 289.883549
170.795210 	 288.294745
157.531920 	 289.583017
163.125176 	 281.594056
155.208550 	 280.791694
148.243528 	 292.235954
158.978504 	 292.722138
155.283641 	 298.612695
148.555103 	 282.278130
165.771781 	 292.908165
134.321944 	 291.835306
166.691725 	 285.628545
145.570420 	 282.413453
138.063345 	 283.946507
136.480094 	 277.837497
154.098578 	 283.563709
127.679575 	 278.282083
136.456336 	 270.435381
140.192262 	 267.968980
138.875086 	 269.049368
138.237946 	 281.507705
141.649564 	 268.791427
133.399885 	 274.542304
142.570469 	 274.881900
142.005475 	 264.573057
146.253857 	 246.530604
132.786234 	 270.226766
140.744599 	 260.453339
129.757009 	 266.823286
146.398956 	 255.776810
129.993952 	 265.882294
135.838033 	 264.349028
132.385314 	 242.583698
123.561576 	 250.082288
135.026350 	 257.083536
112.241964 	 260.569795
126.397411 	 260.387844
113.318212 	 237.457961
127.364821 	 248.105461
116.306851 	 234.792214
110.414702 	 257.989074
120.360849 	 244.555501
102.296466 	 247.480860
101.656332 	 241.510121
107.989489 	 239.329948
108.515768 	 222.429338
104.768038 	 227.556342
140.000943 	 240.809358
101.258882 	 248.090418
131.188923 	 224.980647
101.780381 	 201.776211
107.247104 	 224.016149
126.216239 	 211.544273
117.267929 	 201.063862
100.985374 	 215.919709
109.244155 	 220.194586
85.049520 	 215.838773
104.503897 	 192.572285
89.495142 	 223.840558
108.936680 	 224.261892
94.456608 	 185.990580
99.527084 	 206.908455
103.509337 	 213.322537
108.460236 	 215.849289
100.759633 	 200.733530
106.693374 	 211.862050
95.606972 	 210.941212
87.224438 	 184.435714
100.797930 	 190.134371
64.676657 	 208.481764
107.676074 	 198.392479
96.295194 	 190.284246
80.103309 	 180.462346
101.286047 	 183.952569
84.785274 	 176.591676
95.906291 	 175.561420
67.013911 	 185.080599
98.245646 	 171.184725
86.070177 	 175.074926
87.672335 	 151.053020
79.998450 	 182.028761
84.144392 	 153.915866
103.692481 	 133.954477
88.380395 	 147.419043
80.684606 	 165.054013
94.619567 	 162.288188
80.259886 	 146.058656
104.958265 	 116.175175
88.163078 	 137.181332
99.881625 	 142.802554
75.404221 	 111.205900
97.659556 	 131.181424
95.195413 	 139.651582
92.131922 	 126.047102
110.737295 	 137.342464
102.779491 	 111.036972
90.685933 	 115.296486
101.142255 	 120.260084
74.451264 	 104.452515
98.515527 	 113.345689
95.817556 	 82.148176
90.104639 	 120.383420
251.659985 	 204.258426
250.956093 	 204.188355
251.472982 	 204.218575
251.077548 	 204.001681
251.338508 	 204.372003
254.134075 	 202.393293
254.866431 	 203.087921
254.396897 	 201.708245
253.868970 	 202.777059
254.754728 	 202.723125
256.875863 	 201.053531
255.950011 	 201.630053
256.738403 	 202.570350
256.886327 	 200.451838
256.869070 	 202.810764
261.348522 	 197.190583
258.853410 	 200.877496
261.038946 	 200.281789
259.021922 	 198.389095
261.137854 	 196.889835
264.262201 	 198.849158
262.474819 	 197.437789
266.331057 	 200.660597
262.362277 	 198.731528
264.508099 	 196.063517
270.099483 	 195.757552
269.404095 	 194.174597
267.996010 	 198.424902
269.109947 	 195.813531
269.230840 	 195.270707
269.152674 	 196.786047
273.977349 	 197.062116
269.544674 	 197.517910
272.455383 	 196.043066
271.308709 	 195.295242
279.305532 	 193.624341
274.020235 	 195.758024
277.809194 	 194.697781
281.076798 	 197.973209
279.826925 	 198.687986
279.869066 	 185.333292
285.007376 	 193.011533
287.382337 	 195.722809
276.929045 	 190.280988
278.851682 	 194.263049
287.312293 	 190.988764
290.729888 	 197.970163
283.888608 	 186.585252
285.103260 	 195.517928
288.464291 	 192.521240
286.915047 	 197.466969
293.996387 	 192.651276
292.164482 	 194.014997
290.621320 	 194.784561
286.403364 	 190.566901
295.885489 	 196.716531
289.541509 	 197.756672
291.311193 	 200.294016
294.193204 	 192.285238
299.556958 	 193.969542
300.614946 	 186.254095
293.048323 	 197.804426
296.526744 	 196.776978
302.601890 	 186.421145
304.055049 	 198.543036
303.216208 	 200.978198
299.465714 	 203.649869
304.701636 	 186.314738
298.211763 	 193.296092
307.796692 	 190.199762
309.211078 	 202.615922
307.750817 	 193.236023
318.075623 	 195.022247
312.439742 	 199.574138
313.004626 	 195.703451
313.973660 	 193.836486
327.116930 	 199.256337
309.617143 	 206.955168
320.628045 	 193.465530
306.883684 	 202.422363
324.562605 	 203.476091
308.414123 	 205.685958
325.802932 	 209.857089
324.474069 	 196.369510
316.867986 	 192.673651
339.663221 	 201.725171
322.877140 	 193.666167
337.295917 	 210.796278
323.831718 	 211.412731
324.383292 	 200.801409
331.460776 	 198.185155
327.853014 	 207.810767
331.638088 	 205.930113
337.552874 	 213.129718
337.404219 	 201.182966
346.879187 	 216.064049
342.187201 	 228.543794
360.201023 	 222.657725
331.473400 	 215.437263
347.646250 	 218.370776
345.412916 	 236.159816
339.210109 	 213.572835
337.439318 	 210.006551
343.195722 	 212.336589
354.278198 	 215.130082
352.858613 	 220.298265
364.585971 	 230.049295
342.852646 	 224.886104
358.961380 	 216.147762
342.470020 	 219.391534
356.049781 	 224.950900
357.066459 	 221.738446
342.652171 	 217.732061
354.024594 	 219.290396
344.253485 	 223.336356
388.195276 	 235.064119
355.690748 	 227.781000
371.047525 	 236.001868
371.526778 	 250.239554
352.067614 	 232.618292
363.642081 	 234.669728
363.122888 	 231.474943
363.973496 	 215.246206
364.758235 	 227.240705
370.372247 	 239.423096
379.791052 	 244.873071
370.302476 	 243.733858
369.038136 	 250.472125
386.469297 	 236.869838
373.657137 	 239.278051
377.441551 	 248.949360
397.390416 	 262.424471
371.205125 	 265.504728
385.762276 	 241.957524
391.245179 	 233.121807
387.276715 	 279.866606
370.120014 	 251.767723
371.635925 	 263.317038
366.115386 	 259.393569
368.350578 	 260.421658
389.229922 	 272.830299
391.068574 	 253.100515
395.274633 	 279.100887
389.471549 	 288.526842
376.414693 	 288.010377
394.804384 	 263.875173
392.773869 	 270.873412
395.187486 	 294.821340
391.207076 	 251.338424
400.622406 	 273.895340
400.708654 	 288.625853
406.180503 	 298.487284
394.270248 	 289.371026
398.507514 	 288.902316
408.673618 	 296.343902
394.239745 	 298.128127
401.223096 	 292.044152
410.227284 	 284.124234
400.441853 	 288.458010
402.433641 	 297.046169
387.897866 	 311.986268
395.704421 	 312.826587
414.172207 	 324.347504
404.000360 	 312.430840
407.881726 	 313.238757
425.951496 	 323.710050
429.178845 	 321.786630
401.503263 	 303.648109
414.078280 	 321.609245
413.041004 	 311.725228
429.429856 	 346.895657
412.595510 	 329.881584
412.977266 	 332.859878
424.647719 	 318.412792
406.500454 	 354.788424
437.738721 	 350.633310
414.517678 	 351.533660
390.088882 	 337.985964
408.968959 	 340.726591
408.257478 	 357.766023
420.633747 	 342.770105
401.297675 	 358.081986
427.732473 	 367.406839
393.386747 	 353.386550
397.379785 	 356.336344
421.280230 	 378.713454
399.650626 	 385.918792
416.806545 	 340.624555
403.807703 	 409.958398
413.101828 	 363.992916
400.378851 	 407.400963
399.953317 	 400.227869
403.554464 	 390.810033
400.830367 	 385.621286
403.932152 	 402.708846
