1	300.000000	580.000000
2	700.000000	420.000000
3	560.000000	700.000000
4	490.000000	260.000000
	591.022018	503.693630
	591.692357	507.282062
	591.946818	511.703745
	592.904408	515.193646
	592.858777	518.739618
	594.522623	522.263243
	594.423578	526.224701
	594.556952	531.558450
	593.725831	536.935216
	591.857585	540.052178
	594.876557	544.085722
	593.043538	547.774239
	592.435741	549.933612
	588.618058	555.026242
	587.211639	564.430062
	590.237609	564.132917
	586.569272	566.586569
	582.705371	573.126595
	582.521352	580.168375
	580.946274	582.034868
	579.897129	585.838418
	576.109613	594.799435
	569.163075	593.717819
	566.493511	594.569505
	568.115173	601.074322
	557.817379	603.373392
	561.312138	611.495634
	555.185490	608.920669
	549.390991	614.065849
	550.760211	618.245417
	545.043040	628.734551
	542.163771	628.575339
	528.932414	637.213995
	523.825516	630.013601
	523.224303	637.596854
	519.065042	634.554987
	509.041307	634.169183
	505.761159	640.720200
	501.003867	642.216997
	497.766502	644.822675
	487.415905	645.714963
	490.649569	648.365408
	482.150388	647.468091
	468.213936	656.005360
	467.664514	647.686516
	464.757310	649.588121
	451.550203	650.453049
	444.476593	651.799895
	431.504830	652.606800
	419.471468	649.030948
	419.220567	650.365286
	412.863649	651.177321
	407.533734	640.005061
	405.860387	641.075714
	394.628319	637.732849
	395.415933	635.463792
	383.201176	631.957876
	376.035629	627.606383
	373.368823	630.252590
	368.740379	626.412712
	359.060772	621.944181
	360.162105	615.569381
	341.910105	613.382975
	335.340317	598.095448
	327.895405	597.585931
	328.871865	599.054071
	318.549764	591.126185
	308.233570	582.619695
	306.721815	581.487251
	309.619599	565.993430
	284.829438	563.103955
	302.143909	563.248899
	293.747987	554.742370
	277.981575	530.199872
	284.295006	530.083024
	268.106385	528.085852
	284.316536	515.964705
	272.759951	505.923059
	262.201107	495.886658
	272.191044	477.136912
	270.985602	486.802285
	260.832591	465.840854
	271.577230	460.690957
	262.982240	445.307759
	251.761896	432.383819
	262.154355	417.844171
	258.581705	408.724375
	247.767770	418.756226
	268.467658	391.769204
	272.665172	383.470392
	268.706782	375.690110
	269.725163	360.925260
	269.852258	343.077404
	284.518944	336.000601
	277.017513	317.620453
	282.176699	331.271993
	276.039528	312.974773
	277.928525	300.420077
	313.459899	285.681381
	293.133375	291.048204
	301.031662	256.610652
	323.559633	256.945120
	326.254713	245.624039
	340.047028	231.366749
	347.235955	219.569290
	348.372561	208.633229
	364.658497	194.108234
	366.678513	194.778568
	389.004424	185.336974
	396.430138	172.469949
	391.378828	164.894610
	413.889185	180.204516
	444.795191	162.945530
	460.282349	151.557479
	453.336037	154.386524
	465.944792	129.832366
	494.479720	126.955620
	490.525527	119.869815
	510.278950	108.774903
	524.330984	127.918291
	575.122907	111.571580
	572.213880	138.079818
	580.973682	110.001684
	600.281093	116.192061
	604.133171	114.637152
	623.890391	99.665555
	649.985689	125.871939
	673.408070	116.142916
	692.225529	132.426688
	698.832486	117.360312
	727.559278	125.371735
	760.518307	112.989183
	733.616386	121.340098
	772.946915	140.849918
	785.430334	161.200179
	804.045050	163.307393
	845.773377	180.672256
	833.956527	204.755826
	871.223099	187.459902
	859.613852	219.001793
	889.502863	205.280288
	907.761112	222.621642
	954.930773	252.079227
	937.714840	269.747249
	948.960107	246.302379
	962.163126	268.600726
	981.269217	292.921692
	1009.110804	300.728727
	1025.025355	324.580735
	1030.459537	375.447361
	496.443584	591.066672
	492.567373	591.943528
	488.668132	592.585451
	484.747506	593.267402
	480.648234	594.103993
	477.242745	593.195437
	471.651795	593.042575
	468.164313	594.055045
	465.099204	592.776160
	458.765518	592.997541
	454.450022	592.688936
	450.688570	592.765701
	446.972961	591.417601
	442.168549	592.676374
	439.359692	588.562617
	432.822838	588.064904
	428.809882	583.888371
	425.140937	582.837307
	421.002261	585.158165
	419.285341	582.489727
	408.210649	576.775704
	409.405763	574.030344
	409.485564	570.739216
	399.775939	569.685711
	394.711589	569.789409
	396.639280	568.385966
	391.793974	559.291001
	390.152710	555.339054
	383.127585	548.255740
	377.481962	546.728624
	378.607065	545.535816
	371.348745	536.473006
	367.564340	529.171116
	368.669976	527.409551
	369.711035	521.879827
	365.714822	516.348093
	361.955336	517.385508
	357.485980	508.150107
	346.028444	499.827396
	355.411630	496.310107
	359.956787	491.334484
	351.888010	486.073944
	345.320733	475.693719
	352.286972	470.394236
	338.798420	468.284421
	342.996789	452.740022
	351.272237	450.840153
	345.776497	437.758815
	346.985522	427.917480
	352.603097	431.497923
	345.247504	424.063323
	368.543798	419.393279
	357.039694	419.907169
	358.966145	404.555977
	359.532655	399.391240
	367.687088	392.466284
	371.234289	383.330176
	372.521942	374.150009
	376.238393	363.494854
	372.272604	360.719493
	390.107753	350.984851
	375.834757	352.313712
	380.647940	337.649582
	396.300626	339.799113
	407.374168	334.319418
	413.794386	331.127346
	421.202500	320.881329
	402.388699	309.958120
	421.401737	310.203374
	426.734811	307.342907
	438.903955	312.402944
	435.416192	293.825505
	449.680412	298.455309
	464.309478	290.874649
	467.750531	287.722661
	488.688376	271.874691
	478.913960	274.241883
	489.492597	280.179971
	501.920913	259.068673
	514.183700	259.051285
	511.329093	266.456538
	528.399908	264.614775
	552.766152	259.784279
	547.908077	261.989299
	571.086294	262.206143
	573.723154	257.900529
	575.852505	257.618102
	595.037276	264.796458
	613.166722	262.554491
	609.799976	249.779378
	628.856048	262.360172
	640.397998	245.164990
	655.779612	272.723569
	660.163810	269.582731
	677.654534	279.369239
	676.077955	281.843067
	684.587285	279.126735
	719.649613	273.809804
	703.298784	324.298194
	726.934194	308.466724
	750.153391	291.843077
	764.694324	329.708818
	746.063027	324.038690
	771.289293	326.281183
	769.696301	338.773600
	784.260312	346.759542
	801.392744	364.585615
	818.737072	365.828500
	822.887782	390.732167
	827.593713	395.198799
	827.412728	393.185153
	848.892455	418.127450
	847.231627	441.362749
	846.477531	447.949841
	850.446167	473.059776
	850.544225	488.622993
	878.413089	505.102258
	874.228749	519.592037
	874.206258	515.678814
	873.334005	538.392903
	876.341842	547.914632
	880.600001	562.004256
	859.231913	577.964514
	865.281491	601.366101
	896.123361	605.390109
	895.329598	636.441956
	885.821924	670.473815
	893.888841	665.052643
	890.686545	691.239194
	900.434194	682.293990
	884.242638	720.607794
	858.157303	713.666146
	852.877349	751.915065
	864.061333	779.831439
	847.381973	785.242993
	853.138482	817.149948
	851.921843	797.206301
	809.486139	844.375505
	830.656899	845.010046
	801.075973	867.895383
	792.476699	884.458451
	791.668906	885.107417
	796.503149	903.573656
	768.016602	955.337018
	736.176102	956.479002
	716.356229	980.100276
	711.164500	986.332906
	701.957330	995.476015
	689.162708	1009.638256
	662.952900	1023.811427
	409.032170	496.520583
	408.214856	492.695413
	407.713743	488.877206
	406.903954	484.650484
	406.999850	481.586356
	405.836767	476.627491
	405.618179	473.365754
	406.254574	469.526334
	405.610522	464.866440
	406.305146	460.016885
	407.933111	456.800340
	407.322227	451.671129
	408.590617	446.972684
	408.456054	443.493046
	410.382232	438.864400
	413.143311	437.821712
	412.684559	433.920131
	416.148902	425.263506
	419.169031	422.994740
	419.074420	418.305770
	419.564259	408.519934
	425.856649	407.411811
	429.455751	407.137892
	433.442912	403.326058
	436.125992	397.182062
	443.415388	394.759547
	442.252884	393.906838
	442.027988	395.216710
	445.387076	387.362870
	457.071022	377.838972
	451.287276	373.756046
	462.425990	374.962133
	467.647806	368.954840
	471.272055	373.784254
	478.006853	364.315574
	481.768135	366.028182
	485.881071	363.390570
	489.512561	355.495761
	495.096906	349.215768
	509.731615	359.565918
	507.136826	355.295581
	521.690648	348.290353
	517.969162	349.079729
	532.757130	351.338699
	534.129419	354.499161
	536.287441	344.434923
	547.986346	350.985811
	556.045249	344.942412
	559.240769	348.739283
	568.954530	351.536214
	575.932621	348.042055
	584.573284	358.664569
	587.457724	353.032287
	598.108622	352.339181
	611.814150	354.720704
	609.233364	357.216238
	613.378104	363.571486
	628.659087	365.247527
	629.279653	370.152799
	643.344387	362.827173
	646.186176	379.466072
	640.207115	383.584768
	655.183803	387.961301
	665.872270	393.268035
	672.563053	409.696387
	678.663846	403.384176
	675.170120	422.488022
	682.979101	423.550524
	696.949750	427.650758
	699.045743	425.870637
	706.828946	436.190409
	706.325919	444.213364
	707.450242	443.471077
	711.967119	469.315774
	734.130822	468.112249
	727.656905	480.216532
	713.551073	487.131832
	722.304482	482.265373
	726.676719	517.187384
	735.403170	504.752194
	742.577265	526.978046
	735.974752	537.423709
	737.509685	532.281043
	730.270405	551.903381
	733.256000	558.940001
	742.011141	575.124838
	727.665725	587.212712
	739.764573	600.873836
	747.052785	594.294655
	743.559830	618.316950
	747.633928	629.555810
	726.479123	619.997873
	720.808168	638.595206
	728.268386	648.177469
	709.569649	673.175533
	736.713192	674.452999
	697.993112	671.175072
	699.363708	709.805448
	700.396107	715.440456
	702.456376	740.471444
	669.270384	731.940037
	673.850963	739.657503
	646.854608	743.255566
	677.419027	773.759673
	656.950882	783.783250
	632.020022	784.064521
	632.669286	802.885655
	642.260534	794.280665
	627.222322	812.864668
	618.124059	831.276095
	581.903318	849.514392
	563.891704	838.094713
	585.200812	825.701036
	550.403645	844.878027
	542.526876	862.127187
	523.459578	866.156770
	537.897569	884.406646
	518.188828	877.303737
	474.523766	879.349865
	475.514119	890.864345
	460.850898	874.124960
	419.944768	867.136015
	412.707510	891.692072
	422.128298	885.367472
	397.742831	871.652080
	386.123868	887.688092
	367.919348	893.873431
	326.587242	871.680100
	287.674427	880.304680
	298.000530	873.560018
	294.341555	874.706184
	273.832024	880.323703
	250.705829	853.147918
	237.175437	853.096556
	192.340860	865.044386
	227.696235	833.334973
	177.278071	852.592302
	130.417319	799.868816
	139.362962	830.891736
	173.392316	850.408261
	123.724601	802.776045
	84.977375	755.926091
	75.741476	770.485164
	62.940928	777.701456
	47.935187	762.178439
	42.782866	735.074164
	-3.428657	718.511474
	13.141275	679.283843
	-4.146805	678.429630
	-14.267687	663.806762
	503.542032	408.985976
	507.256052	408.093517
	511.243507	407.166333
	515.242152	406.258886
	519.204284	406.225322
	522.950987	405.793032
	526.737920	406.082726
	531.633251	406.595098
	535.413028	407.207792
	539.666806	407.661560
	545.609060	405.681149
	546.423160	409.190821
	551.853731	409.206034
	558.527699	408.768641
	559.168389	411.061026
	565.216687	413.212419
	570.050643	411.593001
	573.085791	415.415007
	573.233489	415.374504
	583.427710	417.891012
	586.549803	418.812322
	590.793747	427.055082
	596.817641	426.919546
	595.817030	432.803205
	601.958923	434.259843
	609.082170	442.253420
	607.246009	439.765502
	613.465394	446.738668
	620.626988	450.467140
	618.835052	455.975995
	625.179722	456.798428
	628.394696	462.458633
	635.482509	465.674826
	636.586517	475.398543
	633.061766	478.777136
	640.636852	487.485286
	634.897608	483.961745
	642.408108	483.459739
	637.745909	491.052715
	648.193568	501.378623
	659.182527	513.155227
	651.552446	515.211406
	647.811477	525.560575
	655.135178	534.762937
	656.673696	539.646490
	650.660305	541.091219
	646.672531	547.145866
	652.453635	547.741220
	648.061600	559.128744
	649.747670	566.253123
	646.564840	568.019073
	640.833374	574.802359
	646.847451	590.687319
	633.156703	589.201477
	638.997839	605.127489
	639.654494	613.816965
	627.921473	612.090612
	624.635456	623.143864
	624.193867	633.864037
	615.081411	636.528694
	607.932016	637.098818
	616.225340	651.621804
	614.083553	644.482212
	609.981099	666.958008
	596.421753	674.597249
	592.245202	668.401874
	591.248261	684.241283
	586.874466	687.533148
	581.247343	688.844035
	575.109326	700.616352
	552.076741	697.204937
	562.514726	703.536388
	543.505453	708.840942
	546.883930	705.734774
	537.618768	725.073502
	527.129010	717.878120
	505.803738	733.287961
	508.702239	730.365459
	497.709115	735.441257
	489.766114	744.260717
	482.560997	737.503061
	475.381674	754.091058
	459.424057	748.109316
	437.975788	750.531609
	431.972449	738.588404
	432.196340	738.112221
	396.741759	724.081575
	392.797356	745.466212
	389.743655	736.567645
	373.611657	754.843611
	370.145982	728.556006
	363.739481	718.925771
	345.497964	731.324376
	358.987382	729.750390
	331.327421	730.392815
	327.371894	713.420599
	309.951195	697.192368
	300.314621	697.110475
	283.331545	704.321673
	265.870866	708.621654
	258.651643	682.545192
	260.469852	694.948211
	245.258839	662.726218
	244.351996	657.295013
	202.565667	645.779009
	230.741660	668.628457
	207.548266	637.880055
	177.155745	607.100260
	196.016698	612.917959
	171.060644	598.563941
	166.568554	591.140620
	152.135695	582.618844
	160.491657	576.923682
	145.025346	572.604777
	140.801072	547.144136
	133.646062	546.853999
	128.212972	523.600255
	124.945002	509.213229
	138.037009	481.131437
	117.508037	460.921771
	116.253112	446.750286
	93.269713	432.695105
	118.060510	410.493422
	105.396358	395.720768
	112.444457	376.278152
	97.491984	389.010124
	107.020955	359.319623
	100.725150	360.458413
	118.188533	332.779264
	131.169943	300.133535
	129.084697	274.509666
	131.025383	276.329195
	127.748250	239.813342
	138.236895	239.959568
	134.576119	198.006827
	151.601144	191.101425
	173.488603	192.084729
	158.591190	133.809425
	161.552615	126.386684
	176.215969	124.983194
	200.134482	132.256330
	228.920784	92.957566
	214.013255	79.597071
	250.798574	68.136308
	255.355649	31.986703
	299.236798	23.693726
	293.416356	27.586395
	310.366261	-7.790234
	352.298641	-51.231987
	353.674728	0.170410
